hambase_bytes_txd_rxd,hit_rate,drop_rate,retransmit_rate,avg_latency
1010678,0.0125,0.45,0.0125,0.2850553409090909
1013605,0.013793103448275862,0.3793103448275862,0.013793103448275862,0.31120541111111105
1007502,0.00966183574879227,0.33816425120772947,0.024154589371980676,0.3284913430656935
1027078,0.018115942028985508,0.32608695652173914,0.03260869565217391,0.3353205860215055
1024106,0.02556818181818182,0.28125,0.02556818181818182,0.3221869169960475
1001630,0.025522041763341066,0.33178654292343385,0.025522041763341066,0.3268366041666668
1044091,0.028112449799196786,0.3453815261044177,0.02208835341365462,0.3215010981595094
1011857,0.03125,0.3385416666666667,0.022569444444444444,0.3392543832020999
1023038,0.032407407407407406,0.3734567901234568,0.020061728395061727,0.3409104334975371
1001361,0.03566529492455418,0.3676268861454047,0.019204389574759947,0.3311007180043383
1001756,0.042767295597484274,0.36477987421383645,0.01761006289308176,0.32399360990098997
1011208,0.04576659038901602,0.38672768878718533,0.018306636155606407,0.3370496473880596
1005021,0.050793650793650794,0.38306878306878306,0.016931216931216932,0.332431372212693
1003388,0.05362462760675273,0.3714001986097319,0.018867924528301886,0.32658170932069513
1046062,0.05560704355885079,0.37256719184430026,0.021316033364226137,0.3266122259970458
1008911,0.06195462478184991,0.3542757417102967,0.020942408376963352,0.3175508229729729
1025873,0.06584362139917696,0.34074074074074073,0.0205761316872428,0.31446630337078646
1057612,0.07237354085603113,0.3284046692607004,0.019455252918287938,0.30989946813441477
1066363,0.0808448652585579,0.3211944646758922,0.018936635105608158,0.3034119248927037
1016504,0.08448753462603878,0.30817174515235457,0.018698060941828253,0.2996447557557557
1123362,0.08852459016393442,0.3055737704918033,0.018360655737704918,0.2960950576015106
1014302,0.0946372239747634,0.3003154574132492,0.017665615141955835,0.29030063660955796
868004,0.10427968655816756,0.2869198312236287,0.017480409885473176,0.2835353060016903
1001214,0.10652920962199312,0.284077892325315,0.01718213058419244,0.2815636879999997
998245,0.10940076965365586,0.2726772952171523,0.016492578339747113,0.27935374754346176
1017570,0.11624203821656051,0.2643312101910828,0.01592356687898089,0.27705333405483396
917503,0.11948717948717949,0.2553846153846154,0.01641025641025641,0.278091641184573
850469,0.12306153076538269,0.24912456228114058,0.016508254127063533,0.2780809360426383
1005827,0.12223291626564003,0.26034648700673724,0.016361886429258902,0.2786218041639557
1004814,0.12365842277181521,0.2533831077928138,0.016332244517032198,0.276888223125
1021157,0.12612612612612611,0.24684684684684685,0.016666666666666666,0.2781781555023923
1141368,0.12456445993031359,0.25914634146341464,0.016114982578397212,0.27671965373309804
1016910,0.1262135922330097,0.26171380329252847,0.016884761502743775,0.27863124471126344
1525125,0.12587125871258711,0.26650266502665027,0.017220172201722016,0.2802684723309109
1007608,0.1251494619370267,0.26783579115185335,0.017935432443204464,0.27969022373434926
1026303,0.12742812742812742,0.26728826728826727,0.017871017871017872,0.2801600615058324
1036528,0.12560747663551403,0.2766355140186916,0.017196261682242992,0.27890002067183467
755362,0.1310520567892246,0.2693847834000728,0.016745540589734254,0.2751308330842053
1081714,0.1327182398864443,0.26650106458481193,0.01738821859474805,0.27750845331398166
1001524,0.1330117160578911,0.2711922811853894,0.01757408683666437,0.27862249834515374
1071485,0.13541666666666666,0.2711693548387097,0.01881720430107527,0.2801784771784234
895978,0.13793103448275862,0.2650246305418719,0.019376026272577996,0.28086319168900825
906992,0.1401090092978519,0.2587367746072459,0.01891631933311959,0.27888547102076133
1005823,0.139549436795995,0.2643929912390488,0.018460575719649562,0.27951169034453427
1002766,0.14298836497244335,0.2599510104102878,0.018064911206368647,0.2782466086057096
885977,0.14435459718478585,0.25426774483378256,0.01766996106618748,0.2768466578313253
1016895,0.14553990610328638,0.2535211267605634,0.017605633802816902,0.2758233069968555
1011016,0.14795624640184227,0.24956822107081175,0.017846862406447898,0.2738648500191791
802342,0.149561775515974,0.24512298558100085,0.017811704834605598,0.272915111235955
1011053,0.1509015256588072,0.24133148404993066,0.017753120665742025,0.2728040946983547
1000529,0.15158924205378974,0.24123879380603097,0.017929910350448247,0.27392557930540656
746267,0.15193591455273697,0.23711615487316423,0.017623497997329773,0.27490793209660513
1038343,0.15312255030049648,0.2367389600209041,0.017245884504834073,0.27339197980143815
1035928,0.15264638199948863,0.24085911531577603,0.016875479417028893,0.2723222569888854
1039079,0.1508155583437892,0.2451693851944793,0.01656210790464241,0.2723983839760641
1019131,0.15013536795471327,0.24760029534826483,0.01698252522766429,0.27359499672881926
928162,0.15274751876059064,0.24352457032195593,0.01718712176228516,0.27346312672000017
1012159,0.1506524317912218,0.2524317912218268,0.016844602609727165,0.2733679101872423
1012057,0.15234102026554858,0.2501747030048917,0.017237363149312835,0.27230221528424986
1016582,0.15170207904957733,0.2490290153072881,0.017363490975554032,0.27181237815637366
1015611,0.15099009900990099,0.2509000900090009,0.01755175517551755,0.2719407332532293
1001090,0.15210643015521064,0.24811529933481152,0.01729490022172949,0.2711025443821882
988291,0.1527352297592998,0.2448577680525164,0.01728665207877462,0.2718367644161112
1001402,0.15229081522908153,0.24714992471499247,0.017638201763820176,0.2731396068571428
1534089,0.15223817567567569,0.2516891891891892,0.017736486486486486,0.272431316591422
1106859,0.15089248650892487,0.2588210875882109,0.0178497301784973,0.27285731083730036
1212453,0.1508277130594727,0.25894134477825465,0.0181892499489066,0.27491119415333687
1003098,0.15013081102837594,0.2626282954316764,0.018514791708593277,0.2756994413209606
1026455,0.15060360182070057,0.26479319216307146,0.018404907975460124,0.2749326578734858
1020896,0.15077043105129706,0.2613614199336844,0.01833430856251219,0.2740503226828622
1023002,0.15117172493276987,0.261813292354975,0.01824817518248175,0.2736291017434296
896458,0.15168752370117558,0.2584376185058779,0.01820250284414107,0.27378499642035303
896414,0.15294117647058825,0.2545284780578898,0.018860877684407095,0.275743241983968
909343,0.15299539170506912,0.2512442396313364,0.018801843317972352,0.2753893367799113
1014398,0.15257319512638662,0.25222767775959265,0.018548827059465357,0.2751164299610895
1001593,0.15211166785969935,0.25250536864710094,0.018611309949892626,0.2750063983720373
722805,0.15294742432288902,0.249778721897681,0.01858736059479554,0.27403539145823513
1009007,0.15419501133786848,0.2494331065759637,0.018315018315018316,0.2736382760864514
1025723,0.15352768673451786,0.24961186820769363,0.018630326030705538,0.27379812781609214
1002755,0.15338679406244668,0.24825115168060058,0.018938747653983963,0.2749318068542897
908530,0.1543136923856154,0.24565254094209016,0.018909336484889416,0.2752124149507609
1000645,0.15425620523071798,0.2440446443444944,0.01882392137264701,0.27464303944468915
1029268,0.1534156378600823,0.2465843621399177,0.019094650205761315,0.27513279899497467
863941,0.15482398956975227,0.24413298565840938,0.019230769230769232,0.27521570957309166
1000367,0.15465078854200193,0.24654007080785323,0.01931123270035404,0.275663231738573
1038804,0.15465393794749405,0.24455051710421638,0.019570405727923627,0.2764542026116256
1073534,0.15633847121736394,0.24425920100660586,0.019502988361119848,0.27573367200832427
1007466,0.15602175602175603,0.2466200466200466,0.019425019425019424,0.27537203671617133
1031780,0.15682967959527824,0.24543921508508354,0.01962287291123716,0.2746651369362044
1006241,0.15717746820109024,0.24424591156874623,0.019987886129618413,0.27525042977359215
1002397,0.15761194029850747,0.24477611940298508,0.019701492537313434,0.2766367877470354
908460,0.1592253104671792,0.24246008279124778,0.019958604376108812,0.27657971409055415
1005856,0.15875805506736965,0.2426772114821324,0.020210896309314587,0.27698235718429687
1014965,0.1584287577909842,0.2439483983185969,0.02029279605739962,0.2765795231978526
770968,0.15888521764114352,0.241775606953024,0.02025571038643873,0.2755935636604772
1022787,0.15873917364759335,0.24378815845520374,0.02016186284253869,0.2753390086368755
1020038,0.1587524585557741,0.24290531048047204,0.020089912896881147,0.2756543679717942
1004335,0.15919500346981263,0.24358084663428176,0.01984732824427481,0.2750652084403668
1034794,0.15788028555738606,0.24725425590334982,0.019769357495881382,0.2755793359474738
903286,0.15853161114887832,0.24486743711760706,0.01971447994561523,0.2757095392509901
